185116
984381
604584
560291
842509
197828
956346
825977
712550
861672
189457
628617
551581
277843
139995
770061
619699
314261
321814
252156
240272
428368
882147
979605
583688
455978
968272
521007
459100
167759
231167
905836
182097
150394
551860
953989
252264
419676
375605
933712
769016
206080
561566
556396
718535
847613
345999
308301
847721
958547
851420
855849
212541
445153
853163
171421
170766
264706
610694
889933
639910
250872
866962
228498
706039
886650
800439
719396
416278
279184
288086
476173
853259
270378
792757
614320
771632
597403
239310
455148
803847
380632
633216
472794
224237
907812
429127
170148
891200
440448
177594
960734
627527
461332
523816
118835
490519
775318
961948
345090
946334
831824
627237
825473
481131
889194
196463
551089
750343
145947
466504
348623
216612
632511
431615
789225
915483
550570
683279
633169
350076
160262
360116
167325
972928
238044
151044
242305
989086
378767
342365
495108
477888
970203
725509
219695
564591
546486
197253
577947
913174
542053
521397
689218
842375
963236
985564
506878
518762
858633
782299
901731
337692
841663
703469
184944
405802
140000
510937
919920
119111
737213
825039
427940
481707
547355
908565
894039
342954
311009
323414
225366
624901
939185
738763
759982
444300
327109
555228
144781
265150
392733
447394
704746
508489
664620
949049
787666
847725
861341
422700
261164
119081
755566
730123
878641
871231
220924
802794
557287
835312
476256
826897
158278
855415
900916
927591
733007
129089
365810
876432
661160
593798
872327
344327
808442
403785
193276
919870
282354
600574
766168
151337
543729
353373
257191
310271
619125
190240
596886
809376
249443
522224
683287
124926
965723
884836
896394
964086
790824
777944
804298
418781
544340
749951
424571
896549
103620
236202
348684
353632
849953
885660
491471
432578
594038
679081
932500
658625
841112
964298
697114
570075
612522
757147
486518
705252
651424
342763
682335
182635
277840
964681
231012
180792
702450
198517
890391
442779
148142
322137
422349
664421
474551
664489
495432
270507
647203
804306
624893
362385
451165
783576
508623
856490
598001
651763
690401
528382
809231
621541
546284
618014
834474
344788
976689
554520
825803
560808
751144
223082
241653
194278
862093
523302
676294
311819
944451
447465
486435
323675
716293
488609
505136
105676
810474
249832
978038
227603
428160
909876
270975
152017
956788
271335
892369
818461
855603
708454
714163
937049
764311
770677
261515
100185
276820
974428
455260
877056
628881
388012
385342
125469
101747
841673
805302
510879
491898
921440
103388
883089
197302
324283
931066
163122
923064
172656
200269
719807
763374
197162
774116
402437
115139
387374
871755
791104
257060
800857
922724
808856
375036
286671
887927
321724
716722
888571
355803
331734
229789
637350
620863
979960
542688
913939
969768
363070
349364
340204
495913
531080
736122
755988
200722
831043
427707
329370
138833
912442
465195
153494
773982
963473
747360
672064
385290
570276
548327
797000
214052
443177
231111
266813
107509
527894
288933
822120
911097
443594
232032
144691
308823
565399
146634
167150
651001
144990
168516
381800
403423
303841
387757
728584
107327
151824
222049
313088
312461
852764
392564
180183
531374
459100
581091
245215
485195
856931
649564
812724
440738
888515
352909
659231
915642
223812
406582
323059
679404
177173
839294
234758
807178
844298
649572
445328
438014
637849
386603
700172
211079
223567
762275
365484
511702
671859
901565
243397
301898
258289
658623
843034
836831
876271
671076
282255
283825
622560
664857
380371
180984
311388
384342
545424
958376
876069
634806
209029
151146
405034
162942
929618
981196
380369
624798
395666
353677
425999
846011
102187
285492
713043
880495
667986
897358
763280
344508
527811
372340
604608
151030
145063
857393
440781
249756
536395
540919
703970
880072
928971
764964
250708
708070
831858
862657
334869
432645
341371
165215
344550
415172
903896
684867
765743
412210
601626
948157
441622
944005
114057
735006
520667
272075
232667
125696
378355
929417
908024
102667
218034
459711
998189
517434
711164
114314
613765
328670
679942
205458
276030
650934
191507
454564
892253
583986
329753
789246
206224
276618
357149
466681
397326
906090
529074
877156
581155
254643
940174
887708
931325
956607
837126
104485
739626
201895
598405
104217
615454
489395
373640
439449
401649
703932
352090
850512
546649
948613
661779
188783
143933
217611
666425
190459
277125
989810
869182
114719
113754
648073
534667
914192
219485
491686
765677
432254
502163
515293
365982
434537
511744
668365
794897
309966
428533
837081
444236
899726
366816
841823
535461
879308
692898
120340
180665
262242
408953
568536
195593
504654
518249
558321
908158
823397
243828
842590
653561
124082
890551
502020
718180
559755
399336
656019
173016
882696
479626
244697
418549
410122
512452
288737
431052
505540
442028
746742
128243
272694
897825
903626
286431
159633
801904
159929
899178
385948
819620
684752
501433
425459
291338
950492
213288
866147
619855
278660
794885
951758
192196
869433
570112
901165
356664
820052
807808
756324
693628
115987
385610
988970
659832
505591
277733
308034
931152
673571
182289
405381
971814
218734
361191
416246
681366
121539
371026
315652
799442
571290
575540
345226
166301
658221
759591
542168
220302
666585
915474
154187
951350
428048
581375
306576
103855
322653
182220
171373
704799
359387
479269
778658
764966
888757
361525
387080
966059
371819
473747
508273
573491
690544
213948
851671
232888
102793
284796
870810
491433
862057
644704
549530
469033
566644
701894
802915
445536
561815
342032
176892
219364
412026
685274
557487
436952
619818
646630
944992
803906
405069
282759
515348
703579
758141
443821
394426
997455
457183
154316
682715
104132
352713
231304
775468
527069
256817
283955
528838
327684
279059
181381
592121
835861
695109
471979
673385
762452
381559
850845
782617
373332
127899
346890
408589
143384
980092
514981
388888
988861
429709
329059
474874
833518
843147
391354
587251
181020
484068
680777
974620
798482
158883
568260
732825
628130
315431
106790
189967
346887
134907
391905
954259
505128
198453
168866
514974
119814
830886
405341
244063
510536
692684
183726
831587
800698
378632
374791
154414
211455
335099
765094
190582
357882
930097
812094
217121
429310
933144
922444
165243
388027
205824
289107
853293
425181
463008
959441
602890
349332
479281
527966
140948
457896
424828
479814
246803
532511
586110
986595
545831
109767
375806
183944
626597
737382
155071
935249
515712
155805
856703
302617
697053
670099
568064
947754
248246
622115
328959
325796
293638
300087
629289
458540
231339
691133
694793
245316
696814
388860
558313
740139
292454
995535
325213
533839
233506
497596
773927
946315
180600
212677
753906
695751
197550
583848
994770
124535
300406
180296
192997
178804
828693
122970
813104
924247
395097
794107
633361
203519
739296
245691
782746
488744
912283
539022
610478
148821
413615
832270
764214
663181
438786
317005
598603
934827
819132
890560
761685
159945
546976
240280
651468
886982
517562
227115
712786
758300
530354
931879
763838
664403
595703
464605
899014
465692
489841
579039
447934
826501
291113
219420
784264
909590
363980
191957
916530
291000
662945
447163
646988
187496
717989
801494
293335
379798
301110
276856
405429
263896
760825
605471
906152
137152
883137
975256
631950
521596
667500
998320
173980
701813
947804
362343
487491
251336
343578
678647
162675
966748
640472
268286
369525
230407
923570
653008
816140
153545
597755
527170
986153
189424
742031
360023
862197
145458
820654
807460
836339
888178
384139
847292
528197
908806
628918
351776
492615
641717
209889
434975
292050
872415
808894
659037
146372
410271
800046
942728
540016
781960
986945
312691
241960
340295
612242
895630
185761
260910
932250
474758
297984
286807
131698
806623
141995
793123
429889
271531
662921
569517
838228
754252
557854
411363
803394
130218
630410
880409
355745
408972
719423
485491
778616
817376
886892
274106
178347
853948
217559
983404
135065
803781
234378
230717
833934
626337
989207
555698
638536
279730
416884
877472
114548
235063
136954
235967
258320
390497
391065
558090
752829
712813
102760
191278
202067
669334
473688
272444
443607
377743
571429
555734
376930
499619
709645
517391
434225
371715
356436
905315
614219
236533
810608
823169
187377
686540
180228
425586
554535
526393
556954
557643
327992
935633
588519
905834
211591
669772
210889
678058
837215
634482
412472
346405
671012
258209
278729
827090
436175
531690
971390
776816
763443
302280
629132
708943
616979
320859
315370
763424
699420
195926
608218
623748
204290
192953
786599
894440
111107
805712
818068
798898
197641
792861
739199
829134
403049
136690
493317
702719
960709
889371
323234
349552
780922
253399
145605
976003
872231
456240
220553
885441
774028
406610
919727
756636
326925
430429
315334
183477
481569
310645
570409
679104
509446
959256
319150
528344
690051
156756
718782
696117
110778
195870
995471
577516
241414
348987
603845
910944
156450
135485
520512
497953
351269
929825
883739
494843
905390
583720
151247
479151
454544
699136
880943
521791
680817
104498
923416
426202
634971
521694
455539
522670
681592
463497
373228
418163
309208
466967
464146
809023
810310
639563
112598
760208
496628
827812
358335
491996
335726
414752
992396
457699
547897
464290
703501
233389
896864
208438
180372
561126
449228
105303
312644
317208
169244
536134
300660
239842
561635
726017
628040
692283
540626
860274
253512
297388
422665
624032
650931
651643
682727
275254
401676
317188
432859
364251
414490
159389
813016
352891
892884
244124
517093
441779
564443
165170
630359
395924
869222
851856
436405
278685
934211
888241
503169
517389
565686
159523
275887
546262
663559
397958
757765
971761
821403
973914
722323
890541
292496
895985
859287
694227
644050
691342
708481
924066
558275
461538
304299
451910
992141
413337
214004
884178
377480
457450
938888
312762
114486
443700
650086
477308
877213
464137
430274
701321
669451
807704
555613
306611
776670
698380
416413
491986
545441
242952
506871
343024
364719
606378
318833
882513
317332
343671
310446
205760
612647
344659
773762
763362
694084
548760
532263
175431
734244
124374
918961
970040
356436
694342
497412
816990
615080
477082
513613
340264
884561
855149
745296
180363
692742
669704
550918
210074
176473
899639
450621
535940
891413
503668
885536
716303
522107
902932
309754
656542
253511
120551
362586
322517
709649
663695
734176
238097
673216
589999
191703
227871
418285
682774
979308
767626
839084
185788
504656
285465
650523
465844
373901
141035
491058
432673
209542
775437
446894
671347
231580
817565
120309
144843
185799
751663
548381
540178
850727
342511
838917
297813
145528
178590
624150
808237
933743
430273
854591
527394
976587
583972
416521
129833
503979
587458
807438
179067
250467
392782
875765
525919
559569
695023
443841
129800
725568
963423
271217
381471
772705
730578
672907
929282
136655
757574
127839
677778
560699
719517
460322
875985
167641
112345
640359
109402
983209
237387
331161
237821
330693
498153
956636
829622
901546
411929
235916
399686
451294
851001
785150
773354
938807
596919
415675
858939
428500
906952
414621
656021
126218
695250
768246
650651
734727
947365
612985
438903
450550
836472
168645
326301
231670
140630
950592
682939
307811
586645
428116
911453
438972
734130
937041
949328
428514
859311
832995
216642
206997
549124
129350
762695
517044
110815
379103
679119
848888
637013
309513
350858
971470
919757
383783
680641
609678
654242
930561
922095
717856
324993
949564
887330
512640
626968
331594
597287
338921
475767
948139
302580
488610
865352
320769
978635
226745
226342
177700
949441
673964
816045
198435
218073
583190
186835
546673
106688
736534
871605
250469
553106
450192
506612
420580
839457
451977
583896
509624
327785
324082
365864
448916
886760
782821
192497
282316
743461
274445
776828
395057
644725
915888
466459
389069
712957
982164
805554
304390
586612
133326
807900
872720
989272
729762
388555
977652
404337
834502
463161
406201
905025
920856
367058
820768
277029
733184
792527
751719
115021
664365
422889
144507
895000
909833
904642
912214
255738
168724
621860
473394
560347
335710
352683
274929
647334
651344
709673
231689
460589
625346
361666
393532
535584
274812
567313
826293
230503
401232
951206
753604
172178
484374
427023
358006
163694
561852
431148
407463
103595
606302
234493
228286
268055
296631
741499
227131
414610
605629
196816
694966
738978
353079
499347
662149
236513
228285
430746
616774
452991
874607
393931
683612
166033
440017
437327
145055
499982
623696
824524
266073
128308
997633
244024
872745
298419
421000
396928
751166
502825
958971
451634
314375
414959
339920
916786
962468
348356
310706
286794
437853
504982
264615
556438
271136
395672
168036
200215
304040
951604
726298
493333
580264
701328
311498
552082
462342
425657
521395
708621
258128
643296
805374
829652
258100
970260
330958
943641
560828
203337
249692
645622
268900
915074
862844
251355
555347
826390
852346
668166
407297
308531
433191
107461
966355
444674
741326
530866
152557
180677
943116
182121
909595
823246
511391
889971
150308
263374
986086
766419
173543
967501
596209
714519
239528
544771
485176
710075
760564
250777
237452
439163
222014
392696
474161
865509
653320
463867
849763
131679
172360
166334
382590
809800
480627
698566
739244
813248
747703
268036
378890
367704
136401
822264
323317
649044
959788
852099
479002
850759
155939
812263
191383
982320
108673
515372
297209
109515
368970
998092
545925
542510
750651
825125
418013
242975
517107
329231
955088
140078
766134
841274
923500
322808
598107
561368
448729
119493
282723
361094
921853
610566
341951
948105
438705
198214
555665
204418
543179
896101
687536
746950
874965
928895
945678
589087
472535
490819
434247
590271
701296
608858
869169
762799
887318
946912
185152
593380
857962
696930
384348
945584
716436
100396
648674
406925
331212
882465
159415
628475
565689
197880
582948
884442
166345
685067
409656
208044
251065
552340
581446
400606
170533
358691
634411
732611
246643
833632
448209
812411
285355
194133
931305
204112
399942
485463
141769
703824
256450
841390
298722
814725
823785
931918
789774
449718
294939
631373
388026
230027
927603
763382
751859
165854
122024
379413
911562
909229
487853
308853
645083
373687
974889
209883
374091
125421
569995
118426
786803
738457
260525
834712
837335
741042
159951
271616
863231
254601
773581
710848
109313
681486
904857
624897
801965
201035
391748
473904
589020
594529
580324
995935
986363
551744
794721
197656
630372
208253
907564
247232
269972
592552
469120
368607
841357
216642
624336
936455
818685
111521
359594
623777
988377
194904
100763
819431
418044
756820
736752
415810
251626
402652
305834
135384
278782
322630
206763
553353
632465
806252
607716
341712
974099
763340
620246
255693
332078
413427
464151
152908
200211
547751
346143
569697
283283
771956
468114
575458
846373
203902
639697
360089
514318
138296
347843
184370
344281
202482
401593
469379
294678
790461
318876
662819
424567
530873
324964
526058
169942
196891
834461
332209
234232
308260
504459
904541
645123
759886
764430
708600
609852
169526
389305
511670
724995
674789
806577
520462
872678
570963
819871
442306
768600
268129
170457
122537
185038
926999
998795
859085
547238
175881
781574
174092
993628
401842
106345
630763
254983
368465
609859
948156
364047
731290
254128
829694
141150
419514
924414
997789
838274
654841
587934
884167
664411
823213
653945
392023
865192
159761
744301
262573
976010
779037
551594
846316
270328
781327
311066
691642
733607
195126
125097
297533
183389
567275
545332
344388
822269
891884
676229
689554
304298
766578
395634
596120
638926
336992
916500
935539
473116
664125
552104
710570
590111
167574
736051
517168
269896
139263
960727
377253
714037
383959
581294
323551
557643
414881
361697
522734
156466
357833
885217
887878
569187
680277
744113
686098
964904
873698
306377
866465
780663
594364
884705
564342
995730
740495
859309
877847
847380
821500
992190
960804
620708
985526
491804
871255
233969
709179
181869
571034
931834
465319
403827
866101
760905
123337
811860
601394
225870
640594
603341
558051
122114
868296
578447
517453
100707
907531
352222
207101
519910
605818
348967
232005
506252
347921
522772
372068
493579
325663
613440
794468
176531
723505
835052
488959
718620
568346
160013
168017
236456
243092
471845
510920
749961
390483
375532
936714
728936
398825
662680
805155
953243
385514
752558
352959
550741
152133
173975
529107
669040
926774
719039
454039
303629
189545
902380
131870
481557
306284
341110
186146
349055
159425
635716
755096
804514
252628
973934
245985
354337
681618
412160
497515
232207
295406
311083
954697
661870
728437
495669
691931
142778
951648
720444
481086
195633
658182
784195
775889
108318
389417
909825
116820
524752
592818
269042
626636
426747
532337
154808
962883
907343
714876
613561
906163
973284
376872
561094
660355
955346
244977
565080
483619
861770
885125
532037
347289
568672
186401
406976
646437
168627
971026
357828
935673
460018
928744
229600
773907
494230
796441
408363
934395
980527
549891
775798
872122
149221
678854
670159
845273
598433
269407
969219
647426
384152
282980
297601
488338
489778
365392
857878
348161
731112
384970
776698
541039
564512
314266
624307
869949
725831
186144
509677
591570
335464
260226
872287
147051
312138
433125
978411
709613
140802
231199
295192
798256
539214
947546
966049
762794
521794
943804
290691
233782
735715
386355
593798
754868
652710
468545
772076
421450
180192
820503
711713
652401
907706
541578
562758
756829
122397
490913
105778
242447
852202
419154
522759
877544
961418
615593
657795
768830
908402
349765
292019
178177
492207
749690
480620
375779
309040
478042
227837
595194
471386
867312
561531
754098
844507
156727
138670
658769
274689
940658
351689
550221
209924
486256
483779
252829
423536
526839
862913
890029
878936
227734
310609
104075
779976
271284
872342
435650
242485
861787
684459
326395
677536
814305
993061
661818
880327
968298
311974
517035
603035
523920
691682
283072
475278
968191
432127
988847
860572
698307
683591
950383
871929
754783
463630
215485
574170
111133
804397
228625
941286
676206
159238
897650
169353
167875
166695
599251
667324
238621
549092
565877
386158
653415
899466
488059
683506
732180
279570
935331
450546
429617
928117
494747
208459
196621
864228
384392
139276
211854
250458
663930
928763
584036
733795
334480
953559
173060
325325
781093
669416
499510
342697
744309
895356
853515
599154
280243
309281
785158
550597
432144
155186
764434
227534
638617
285886
269179
390140
740658
533982
150397
546880
241651
934560
878384
506859
117611
181740
992906
570901
801613
186552
150575
408078
664384
443371
411790
448168
358240
393217
572737
506543
795397
172965
665212
981892
581478
926038
680468
737440
554085
692981
772008
629006
991837
405339
799687
362741
172248
390557
260884
527905
214891
536037
211197
702815
641020
431370
493234
138510
202672
572723
182992
971230
197441
974131
585002
547795
881519
421322
485657
635575
423302
491548
220944
994117
775759
816535
544680
248467
429447
687623
209789
374522
964740
986046
520837
180893
883325
586363
584348
399001
383074
755043
377046
502156
818614
538169
398413
458270
703627
416301
647859
364667
824033
925185
199395
885655
612439
182857
460729
354180
362832
711605
599654
393936
248965
863025
492955
993320
523931
204132
466020
699183
197076
890557
857142
657595
962319
977467
874621
554171
516529
584238
628560
134889
354065
285565
772380
292913
200643
267912
841052
977665
762141
822414
779098
193353
972210
281521
645698
327232
703142
241107
917411
238080
268834
964080
133325
206728
604808
584959
752700
633016
877917
207870
367479
314969
793483
487275
747873
967079
354392
811589
349294
160859
385487
256622
262970
620323
710258
893201
449838
243982
764301
265232
926978
424249
769440
214296
885854
570426
499727
388435
347029
756804
141684
736386
265857
112747
652990
768152
110572
931343
168330
104363
578637
337482
296139
865430
954679
912039
880618
702816
355702
551065
382708
657730
420098
172066
462913
970069
418592
965340
667914
193127
818084
453335
536934
712307
408460
474071
438964
815720
633625
147512
973877
961866
487827
887975
848452
238111
126702
193939
285355
440350
898873
108264
600388
696335
647408
592857
441974
475644
178120
436886
394372
433254
588033
346858
214658
547653
979779
200925
762911
346624
817631
650364
121762
603844
345741
316105
372474
237423
694140
835412
197273
610188
819696
694711
487332
746163
646820
255502
423159
746688
247653
556007
208200
355500
305853
834439
695079
850912
172787
479545
444202
755415
271160
331761
582012
201534
242927
521995
597215
864730
713637
848004
110384
345722
760985
973480
704110
994557
394804
921469
806662
679003
208888
662145
334208
707675
430009
402145
277698
333174
437980
406200
803275
285355
269274
244120
401070
976931
612735
748229
764968
717536
870727
695479
261621
921144
552606
759886
371511
538105
796897
709737
837628
204770
234384
420250
783114
653261
926656
104165
890721
743741
930978
976787
264864
823523
792568
656964
553631
766180
858309
578102
101065
190981
826419
109194
593176
360571
359602
357099
747690
838037
330817
538891
793070
757293
846689
150305
222596
204027
522338
293657
721295
295326
876036
766100
103670
249778
453433
326092
492869
497423
914889
454094
854524
774442
514287
900566
459126
231228
260115
630367
171553
716767
427421
999325
752993
253162
251255
922003
258480
441799
367547
258882
799013
101173
782438
279075
913829
965286
400807
897415
281211
522443
917030
576827
359024
567230
229814
311622
146596
289466
474600
744116
980256
979363
648107
300839
772012
476086
432017
840094
790109
186193
612001
364833
668913
700051
936090
313016
435469
882874
882763
680842
210108
862317
669180
276260
738066
233778
570921
824208
825676
106897
474804
161813
313097
684838
445109
221670
957931
927318
332068
349597
344463
973331
434429
254606
148322
739740
866247
446992
566879
498532
710166
957083
522957
697330
418379
489047
243395
997471
401053
219383
739247
712230
374877
835778
558848
979069
514140
609004
466563
518147
567434
472510
595929
148297
784779
405773
445399
647381
724282
476628
433749
870695
537982
412793
844329
302301
990708
627511
660807
560638
269145
243000
453463
950035
231488
707634
119565
316947
499770
568806
956967
976744
814476
237109
291607
792163
171618
556442
440708
151354
773529
858683
740443
662099
500227
421164
619449
740122
671864
325492
693833
189955
522721
921508
538731
488605
925299
297718
671165
228637
451034
584261
444884
469443
496410
662001
436396
174482
396132
657887
385406
336156
252039
887300
880389
484466
752114
726059
174160
778413
624394
944114
141386
731294
165231
211234
328830
260286
796245
265642
951100
499283
457280
127222
828344
934654
944468
500027
134771
995829
129277
790344
874113
592434
111243
986060
357166
237641
458014
987294
201356
284507
915867
829062
243459
743809
258818
854139
524474
589846
767745
283061
945834
238056
329753
349621
522204
509489
491157
452521
784952
762957
561901
466776
115584
123654
475383
777698
704520
894793
831253
758475
576579
400179
986829
993005
501640
956090
432012
877283
327903
126486
485170
564269
283700
912066
319195
489259
720345
453618
413131
581625
363294
155665
367595
177505
463017
518035
900690
638714
307196
280709
174488
586241
552854
812097
150387
832531
220438
812619
968975
867223
449484
761465
517173
489991
420911
536024
798545
416260
403690
729063
868100
422082
318576
278679
267743
938803
465051
116293
421460
939494
987054
558604
699777
277370
976209
743041
685595
547686
238714
286250
467408
785209
122981
602792
311697
832556
818050
939999
889077
632134
836442
771729
459787
525628
727517
477767
423693
876021
368805
866034
934679
575161
490422
610179
992810
473426
664254
740242
831536
973856
636385
109294
339230
101637
343943
150190
764726
192275
629929
756776
353237
686456
809709
920448
260870
244300
786176
564282
120338
374936
899552
958257
882347
317657
458876
859363
643844
745306
821938
953955
425060
169350
661484
536702
413050
354349
820362
526626
705517
808513
659708
883037
184595
471599
793835
138488
159699
709911
819573
494024
896837
678020
577831
191809
765306
456347
386071
159743
964013
214102
153605
361857
367211
910080
602161
384687
119986
601262
370787
539484
110199
977452
516266
804514
805516
430501
996959
157186
825956
327209
752857
916077
409887
881351
140453
267800
496752
679304
773911
379346
670637
756614
511125
693493
469890
104114
532321
856818
179366
585625
806358
644804
691606
565481
880311
949833
442327
832306
124539
220075
944266
352219
501723
234780
455182
947387
280935
911190
984254
947679
907787
240408
459509
842351
627660
508727
619980
496555
670848
528053
741492
541058
654620
264017
625424
490561
895987
702840
331647
803102
669508
722345
340567
563993
272801
791015
531449
837948
332403
891291
952385
243396
842110
204401
976272
536786
848960
526863
919618
884232
232199
666364
752317
352613
521062
135747
362446
590142
510828
519393
177673
192537
807812
353891
518539
274761
981284
955328
346644
607159
925567
808264
416957
863165
857254
105975
545726
402546
413434
947614
122515
106038
745611
889857
485196
452042
213436
860632
574903
814788
977924
394413
704148
491288
809465
841878
394618
651050
741640
613425
177427
527231
569285
817689
405895
356309
188698
973502
627813
649082
538202
337637
708075
326993
947742
669086
984806
872907
674385
190232
771629
602801
321043
607382
582223
964311
443061
416816
669049
564470
840572
746359
461890
185522
719636
308682
188512
417650
320732
822783
803159
295814
760405
769931
177831
807819
247708
636196
767811
439301
620498
795506
241999
268147
389830
484083
266622
817956
322921
499821
189632
150087
446012
545418
399330
389603
768513
714454
875464
496385
972537
896174
260737
191434
769854
136557
861271
382394
736329
631603
693090
310938
899268
779326
238865
250528
410266
949185
796712
712321
531030
318538
544806
569464
215425
735124
664351
121471
926146
812923
436492
757480
882933
158032
472067
711323
540735
834761
353645
419753
148273
349945
981512
467037
397551
390729
700391
710993
509165
975069
587256
130549
876435
453769
672713
725224
455013
913907
943330
439190
353245
264181
562450
184994
590813
950672
108714
649627
771513
608728
653475
962941
554699
956657
212398
998536
872993
896807
718211
313219
624396
240135
976865
397356
985108
116076
415587
977634
869312
110976
515493
387261
690104
433120
168179
472104
747961
273086
355436
324114
619144
415829
921378
903257
551477
813137
949888
568706
625419
214748
436656
680377
980559
985474
462642
432763
950667
462604
620019
135363
985263
667022
329763
661047
895246
374915
973323
708527
733412
429431
316450
366895
447554
206049
425722
855260
769262
204946
447803
437352
275719
256199
880433
289915
838777
721422
455774
491647
383533
302653
946038
182580
116443
643836
532240
640935
484942
947458
773905
502018
655946
437660
657304
586053
944481
612279
852103
643792
431763
915942
877958
610061
148745
327741
663784
348090
522447
749040
742693
789046
559838
649550
288179
308213
695562
666229
363295
865560
167044
544274
367117
907441
198419
403820
109301
371785
541764
117522
122006
265722
600711
537655
252666
617173
560335
370029
801341
936307
867495
938144
901549
908425
556604
298731
308823
306880
172186
915973
450281
856141
946353
838265
712545
827122
465790
842775
805892
618457
940976
716320
558094
163205
380381
956745
429658
583371
568393
595569
507622
940272
144403
913929
450392
219445
908732
811265
485700
388684
256272
429755
839454
381479
588119
232145
915786
399926
688468
327136
336036
354995
730834
931291
822462
640930
586299
761347
643382
322245
152420
811383
162769
385814
620870
854499
471544
600998
485591
606559
879236
766758
335372
163627
980829
155969
344359
860160
150705
598126
129860
657056
548686
975433
173170
389900
659549
657206
357640
131184
192220
560238
552950
529107
112591
505584
324976
931623
641166
184778
158047
894909
737303
127046
103140
872587
418503
912304
903094
340429
439852
336541
595134
609618
256295
995435
691263
896480
803484
418884
557870
710098
858746
204765
859205
983341
282225
409517
908017
251574
396595
558632
182481
670570
583329
276742
517080
344254
724018
697336
336854
981956
278434
323452
967781
690007
950906
781705
208268
788624
588166
492320
751467
447702
284387
498142
897915
994578
302358
591807
243714
819275
633579
753008
977408
990531
984945
584431
342383
927552
102691
951718
307910
398756
380760
119387
735354
948460
937837
470440
662703
439284
650454
447268
368992
642027
842421
535604
248099
815791
999802
917089
362370
983544
771424
886150
538448
269796
343647
980340
308147
657816
400118
306373
536183
459621
182121
134092
740331
125578
303497
905823
735115
505478
445889
669750
219686
656364
505914
896348
870513
249075
426265
523023
799377
258929
643835
210322
181340
865835
127481
994782
813178
862901
888840
403574
366863
569623
663894
353062
612885
685841
313344
367781
444004
305631
858139
638093
371042
534321
915134
793639
782458
488607
393230
936988
499053
395748
461715
298005
887173
973010
196604
664468
818042
734699
626213
550710
120232
216056
445874
665484
439677
955336
378451
791308
624263
860191
900111
431699
947382
372276
595238
653689
247644
519653
923342
323137
494602
493597
885454
251211
831929
370430
510204
695514
985234
223194
467785
711206
498436
175380
210797
263184
643326
529926
732380
447325
895576
464596
199038
509499
917379
988760
435828
694985
610165
944517
325914
135014
646465
380918
778269
213739
972189
371777
523724
393225
171649
176187
739588
301784
832340
589010
177524
256716
477761
711028
350388
305086
556689
463046
386785
973026
879288
483986
444919
487877
896941
268741
465640
753840
390318
139365
497160
424144
372069
702797
308218
419794
170023
719731
116781
787409
221116
766505
160752
874745
132618
382652
934805
637202
420617
445196
280737
859906
776033
504461
687687
926730
783158
938478
902567
929659
586770
324934
593554
484158
645135
257607
726303
904588
955957
176424
822361
525161
147190
650699
537808
277464
109766
601184
458555
512306
655354
636529
696548
869946
790806
728478
182286
938271
179551
971586
425749
278074
234701
250433
675135
167844
117589
249655
169920
488144
598661
858649
550483
657286
934712
300817
171437
380150
586250
611409
652649
691909
197990
531397
328879
374072
967511
586868
693194
949137
431431
363422
118557
178078
274301
920511
649535
669914
541001
302357
197592
899115
780329
842960
746920
663447
548846
161770
662362
359271
913115
672229
930154
323884
941173
854519
980720
280784
468178
303135
389122
866628
305789
943690
760862
267719
191595
131834
158867
383043
609394
311344
786437
289670
691621
153961
952089
800531
916546
654680
316967
702892
278199
972207
791953
840609
535900
284035
701432
101811
848161
783435
337198
841932
970955
151107
442771
190101
508336
130365
663516
853354
627100
448363
915005
341858
249104
582446
369420
742486
942301
998852
354837
501860
465196
863381
784173
790994
155634
751806
995338
799722
571229
970148
667336
173502
530372
144771
702735
257314
182325
335380
638635
143917
538115
467910
896304
606199
338762
986639
352035
237139
237735
367518
305716
340432
283958
464950
829231
549177
278218
198952
609575
642054
693155
927485
765851
419300
313841
311632
199840
433813
694999
297350
883562
981875
221521
973869
887710
908959
331506
604192
826860
882898
264664
164038
913159
577581
238139
419501
743598
647555
241141
214946
641815
801198
545344
824004
876660
300846
655261
222407
101457
676716
566058
130214
398843
946505
117174
123175
429784
741700
636135
336176
784491
335405
312262
704957
393486
965021
972780
409961
497404
957968
490665
805268
719606
797272
254178
815190
151297
212656
449067
677733
698445
908159
446740
815118
901763
742334
888390
956077
894059
561472
334974
580282
152795
513546
918691
539536
323572
733812
102193
777920
509933
304160
759257
292658
618140
693788
868992
395388
635281
496834
767642
378168
610438
708742
260195
927061
171848
615499
501398
826941
869309
778742
553193
749414
905382
506917
453912
694317
633989
139188
767037
464164
807053
324764
417215
167998
225898
369973
717054
265744
441278
423275
284388
950482
757056
638593
175013
184427
455464
468624
564086
200208
384031
372626
306188
890560
745664
482966
465705
559223
379005
370342
394110
477171
180164
934676
666320
398594
301384
125161
340634
148205
700866
580495
623806
815180
393116
307725
565452
459258
587846
742739
782902
931021
520596
487843
931958
523765
962197
871401
545165
115759
833099
401307
932262
355934
734337
343755
184368
788492
590240
461011
230201
311173
106530
493727
954860
360621
100760
997058
141153
618525
191194
229168
606964
726323
989885
751538
953487
956269
119025
759694
373848
211444
895241
147267
371483
749367
244412
649162
139813
302082
728873
548945
240611
124352
706364
937920
520068
312945
533044
631285
827254
173410
150321
154430
144586
305239
508438
447864
535573
451299
813512
837149
578654
554220
843166
219249
505438
124222
891744
319259
394039
878904
873877
493761
258820
448927
185876
129235
569338
599651
823966
309371
244819
988126
231408
923287
902009
166851
684977
976811
510860
252435
206438
515139
834723
260058
383705
409993
951987
614760
181692
430205
395100
332257
320155
478376
348269
612790
253904
252646
138345
123145
781954
920820
122585
541105
358333
681756
953364
506527
199545
281335
953193
296478
940873
946164
514477
998741
285296
641849
203134
106786
194434
294978
137813
316938
971068
553499
483105
243080
356380
936198
822163
322767
859282
298069
235794
670162
505265
965327
728153
385000
506958
345716
407497
126588
546551
677573
755932
355243
354163
564437
940012
294779
210145
428862
573655
991523
761401
206686
951778
728134
855874
418087
719370
849941
206968
238347
825503
280353
172275
638494
766024
140978
501260
844110
539959
215576
454391
564505
906711
287173
189586
622467
410904
293664
580935
579204
548275
618582
624515
469740
722953
329631
209259
112252
694568
600612
342125
288523
527481
435151
815559
983230
549432
783798
242352
120598
981699
385054
941074
924499
281158
348298
191911
140520
613045
952294
496859
158301
150295
192430
857563
453919
300715
655351
940936
135508
175298
108661
359795
548750
648441
853629
818058
643144
999573
469636
773216
801962
738647
930764
658865
596425
275467
236064
547108
459740
591895
783026
693203
751073
724271
165279
442012
754673
446024
890092
962832
679327
313593
848563
443825
850435
391943
198309
561216
315972
733680
986331
642970
486373
424508
641262
824187
754431
948470
186330
772850
206311
934092
844925
722687
525426
340371
224038
150665
548172
331359
573996
837906
899251
272676
158530
417829
654693
902287
769097
219650
724474
485303
758866
189183
727211
384898
600396
856042
149673
401208
959931
460593
344612
494400
687215
276859
257776
640724
204242
650035
906303
454183
852782
535575
906267
969500
925354
398251
495607
805159
189336
369841
225723
251244
841966
146304
868158
900908
484977
364822
652221
374556
747393
781554
156658
348685
351857
865833
490726
593350
981500
707860
688797
905895
785244
212527
854862
405153
580399
673261
987357
149953
525920
691213
186525
609431
909346
703253
653062
402362
638002
752790
145321
247506
961114
329998
471358
528546
542949
633481
908028
354517
214288
941116
801725
882113
429261
375189
470826
106406
765296
206217
807538
171437
488285
299853
435230
704417
216269
353198
604788
395115
813453
788848
956523
216651
959020
719805
735661
600781
950641
512086
555665
251677
140325
750097
591726
427896
555000
356420
621061
957319
853692
309440
160316
400039
743662
501118
979568
135947
108403
645901
286998
839500
882195
875153
200748
219388
631361
181122
887920
286094
886023
838234
604636
811828
150661
455220
398035
314421
711447
334097
738271
487984
799455
607019
341479
597133
479004
223664
857529
508620
303159
733085
881867
868141
625048
699089
386412
773948
963671
995721
882659
166304
884271
317424
185084
739788
308294
647371
107992
847853
113916
932488
674481
173931
217292
695370
492323
917393
516744
899458
497989
714301
838242
211595
630533
512364
593261
608954
943235
615908
978623
928797
118053
410269
882484
100588
823267
856219
844325
228802
887960
457545
258260
770669
807113
737825
360640
841646
621961
952436
691780
494295
685132
967217
971988
710599
850741
799576
337280
389506
248397
607671
377448
485419
140271
713505
105963
953785
151041
150761
772494
149766
381662
589287
579530
416225
682444
917685
136723
582102
229199
923851
102163
724335
646900
847894
428828
811294
943702
366518
862170
395706
596715
237242
575379
238807
174567
370567
990592
107305
144480
411871
982562
287490
969417
683153
502537
379278
112782
320968
357737
400294
516558
756527
710647
292747
110654
287377
617303
101145
322086
288375
877237
328357
387889
313234
189495
964054
470317
970138
779685
272936
296575
773815
621801
780236
995873
893535
596470
554308
211260
712632
112072
621334
747569
445886
306774
812920
879922
408454
422772
178356
621643
419875
984476
780890
852658
989205
101269
914797
191589
820361
938690
141841
369079
822423
890060
211894
398357
197877
675198
635552
252875
230104
155851
368825
124165
195624
380069
972731
806949
475231
383266
483489
468179
850208
962184
864002
768784
960606
918157
107230
366979
801754
215135
726834
583573
841206
204303
491725
690373
193065
380637
218036
211197
147073
630172
461237
428831
588089
373050
263492
414243
165165
893484
737273
502620
864553
743094
419917
758667
405829
427872
535128
825930
979797
381957
236446
284120
985753
851695
751631
353409
105929
212533
170399
846940
809629
430365
462613
226636
873040
705545
439110
791121
613208
795413
186244
598841
879791
202934
590568
163839
498753
463294
113626
169270
740985
198065
178176
356783
954014
784537
463917
540343
698511
323762
589136
409563
634171
114557
878067
165537
875100
407045
488566
325485
376060
910279
458307
909383
649349
562448
716147
264272
556433
612960
639807
674784
962488
919252
802738
963309
716402
763153
342387
278142
153670
674124
909253
345180
255382
927522
950063
851512
273235
894175
268997
356837
822441
221771
604246
518187
284477
530195
421840
418766
586902
869953
176914
955995
197939
995330
707449
489518
252833
720634
957455
386514
278353
344963
213235
138785
285825
896870
700493
480141
976097
615934
181639
735484
856579
563652
425474
529080
909593
783181
679356
207852
625637
569990
766368
117386
174727
813316
215826
914481
742970
290364
382672
915814
123669
635027
871260
583717
602400
876835
613676
143677
670766
319157
198690
291871
353185
925408
538051
374769
707476
762092
260190
218316
386977
321427
908167
894637
193956
790209
304609
731739
407357
465424
230832
892471
750161
686677
230391
394513
274430
714115
260171
492485
396533
359343
467530
641594
664793
916170
295646
946937
254085
196404
164766
926941
212767
603081
459357
847029
870073
756100
694957
984686
105575
911619
556171
410408
429794
578706
640534
715059
871012
444781
572431
216658
474116
304404
690836
152365
199576
258638
996840
868741
926785
600132
325788
222861
219557
175188
644681
295706
525453
288137
977102
429618
424935
467880
627968
582117
585024
337306
529562
514271
503255
365825
379735
168977
869433
413568
208197
653558
147122
742495
902015
884981
918899
555386
688033
290197
235075
462702
146734
246971
819577
491432
469272
317988
647063
125229
774431
368489
888876
970395
568738
562701
393753
632270
643047
292140
379347
701613
220160
419080
799782
651675
984079
397313
484697
408933
973875
723704
224529
506333
545713
938121
415861
912693
717960
338867
556935
207257
232065
289688
305386
457417
464393
832009
687333
764433
890660
154810
307324
478948
642531
758910
879113
486113
216384
272362
246369
538737
415183
128732
326646
838825
674417
951732
292707
717830
886046
169849
790072
680079
446349
204721
944911
527988
557458
816658
550613
150410
534690
819157
568534
617110
579843
443248
166057
953200
414911
687262
919276
336186
100579
176861
219579
620618
224401
239104
789346
231352
499566
147291
165184
918796
308151
372344
893579
715754
954911
598761
517972
916763
147302
973066
292308
271162
690579
393829
795677
153200
709613
323782
536541
741991
851812
708444
142762
674788
825932
864298
259199
888050
818907
393198
570162
506674
104156
160366
997971
200965
286854
383490
437881
114556
241513
421686
300815
170086
227872
672835
518364
474623
189047
464913
497532
371819
966347
904873
430778
798750
250192
554429
349516
961857
454098
473001
241092
690474
546279
584255
931307
554772
900159
730711
679190
635777
565594
949656
973025
632211
611632
518252
933653
438307
548720
965871
464113
949010
403560
822187
843321
142783
646666
733492
504929
643237
223941
712346
849029
964843
719899
749989
511729
451895
745482
205997
899247
982159
987838
340237
870499
570352
346439
433012
904490
757489
522768
660495
328376
166409
268100
364561
833827
426383
238709
664446
746499
950565
880288
676609
765534
100207
300337
113525
907093
809456
289668
875557
575663
116677
123420
220876
964347
531270
795094
112630
190390
267142
695054
607649
599983
500199
141043
308315
188474
550180
692978
149497
530090
773568
135239
712835
679435
388965
737925
233242
984819
432820
623169
763152
696795
532273
855916
273449
849208
963147
690794
750626
692540
561222
491364
306173
863323
236865
201552
952071
115229
169670
528816
203039
198053
467185
480378
506644
504495
462416
257381
940137
207806
678174
261069
181979
846907
659389
278131
896242
398228
101522
837413
525494
611391
148031
558767
972973
453864
900278
432717
705012
109239
837941
594900
137249
288728
522981
859828
702558
173127
781854
525263
355786
121781
963196
960165
825334
808860
708754
878292
952491
544398
324962
369209
648153
852348
436900
430427
568876
938386
277116
716269
842115
503927
968571
780242
509347
125562
364217
766686
668037
235873
880579
961764
724201
762695
946652
226012
584571
578791
491690
200368
283971
744478
374911
178448
124842
269271
464660
959934
613872
179344
863305
103799
719816
360819
321031
627547
377085
158026
547716
494161
841103
136200
189069
985723
382628
357139
237256
286381
483264
718153
430381
570500
678779
788158
655517
336246
383211
797374
313046
786734
496262
782273
219741
237330
276019
944037
147695
388635
969704
622192
950103
949638
313517
444350
993581
180452
255022
829579
314560
892845
956917
517088
747895
924576
782322
537811
951900
154799
759351
196515
173440
294723
539525
260457
332998
191510
471856
380071
113012
337710
806979
309342
113830
458637
968208
206297
742064
444851
634650
380249
755624
186447
804162
821638
917120
420538
869453
608527
482691
188005
118606
330011
345283
288771
587405
506576
537959
600785
324052
212533
891018
420382
561083
825076
314041
739120
765450
521984
410691
502660
951162
634688
466694
830638
915902
245224
602734
293444
982405
482194
759128
737004
783720
984808
109775
409294
181008
365346
274475
516272
520118
410304
389689
884647
687181
350220
239953
558679
590701
846331
883257
740362
871651
722922
416807
307706
500052
488820
409375
664187
466152
666106
449810
638791
868156
616253
553282
113864
923847
883054
534124
755060
134448
362838
663087
982073
369474
523401
989243
652811
711774
677977
453469
906387
362300
249285
619371
546803
383491
495963
154860
930067
765772
893365
607727
210986
166827
936891
446115
286265
965790
282643
104643
146189
722494
835317
431007
467974
753394
284434
659583
534072
176703
326613
788375
781888
353277
228629
480878
962694
151051
126420
685277
761560
351812
714108
557866
489520
943320
863147
462440
808597
381375
152022
998892
426386
122006
357963
326958
197285
409781
599973
993620
592261
511332
278399
252324
704158
790650
686255
147039
764037
861211
516797
102151
276239
347186
590238
333922
785167
665432
150923
394770
297058
865000
244092
740604
634156
498931
456859
988642
599588
377953
990257
860890
282891
439270
128414
924562
622292
439963
348253
700522
774305
814504
930268
549975
854738
475122
207441
679435
696846
840070
668292
749547
614169
586879
628431
763674
255664
612961
695013
656177
883083
222240
483548
124482
231423
296658
144273
558748
459942
982165
255131
397350
248535
239057
963197
297077
430670
362837
391081
965432
144572
425440
964404
957362
362844
298886
974893
934162
378767
633638
132459
120276
874444
849479
847874
187155
254078
153359
548245
960315
230269
536451
475956
706147
589225
131189
678470
415811
256568
599262
577744
646123
137250
273443
393426
720605
322136
546948
315290
981324
895820
129639
388839
598903
507737
478499
660235
826210
201420
991273
368159
197545
248869
493829
560212
401183
241388
725691
523064
288180
795274
760417
673985
203311
970002
641323
366405
115331
125467
224827
405432
474285
554890
642214
601019
703009
689982
405809
201740
749590
679601
427078
761524
261228
194320
958204
975771
760950
626390
477630
609220
316304
324783
180155
320312
377077
883761
765768
795376
321581
917132
607689
824127
265876
897255
736840
399360
214842
128495
346617
462085
738707
642588
290762
663785
965972
681507
807911
562148
245639
535553
715348
118622
941813
522256
816399
846905
388402
595362
560980
599075
339549
516999
846032
210925
267302
969451
937413
579602
127673
591055
959130
510499
676496
333019
499613
631935
131617
884313
108105
457758
452982
856149
354958
578701
551797
249326
556793
980888
818618
101819
291417
616182
107776
179662
241221
536464
649557
821263
484525
216442
890011
857735
523932
611516
769896
137429
199906
171498
611413
698290
241604
903717
349563
843887
440109
644493
672253
783352
985203
517345
650151
730860
542473
971447
412738
643367
416705
134355
394527
241934
423284
739071
644062
857865
995312
921061
582928
430154
277975
217853
530434
831586
213842
416631
993742
386799
501449
370008
561816
600031
267413
107511
946487
561759
845809
550335
748872
900068
613099
461977
285812
255183
901105
281509
857315
368421
171097
132809
142485
486934
550440
142983
185065
414977
508892
222474
869304
684021
353637
172512
492925
581210
241906
741238
133380
766181
350329
793206
596403
818888
405290
439391
698909
637586
954269
658028
752384
791676
927683
699932
538587
177509
955672
708950
488974
624073
902675
586696
863548
316732
969023
154928
996382
524906
202151
747325
328914
804042
594212
847928
665615
588221
286499
357427
668491
866390
967371
668555
594659
726402
451506
967842
927234
549713
679902
716054
349334
249850
964127
205612
770406
176906
125900
827092
622491
425746
516989
167643
382086
790577
120278
495053
523709
571459
126143
600787
845411
604129
414735
261071
178703
535487
110259
210314
443264
178329
842888
359827
401120
930052
650023
952051
850017
408164
614332
566497
509968
917970
550904
981508
531899
145021
230893
786274
610512
960693
714763
998202
797157
738327
500875
886364
241601
310107
543212
943935
524781
133680
531928
160729
802259
412960
849977
524876
662904
223205
459775
496283
475494
564681
879086
477246
815626
301123
475555
230701
305869
378712
852561
670594
995504
453653
526115
881821
671521
843870
367199
229631
774849
967969
762429
502359
701102
947478
900645
553243
111074
590882
109751
527988
673972
242660
554857
986257
157990
103792
469464
268546
401850
105381
555437
165303
770988
831755
405735
224853
929059
670747
710342
754450
805823
316358
923856
280708
245765
158433
117105
884196
559220
323056
772059
225204
562872
774278
939268
539718
635563
930227
474377
816349
388240
252352
633525
924274
848923
236562
766035
176345
986686
196598
168543
808407
761622
531402
379241
101245
540928
131808
830928
376266
655951
513509
860286
554015
126092
386453
274004
753518
155838
241089
928264
114070
854653
707405
483435
423346
976502
885112
475054
813101
412628
897272
914150
696856
275956
280868
744300
745751
931756
573832
508433
565765
835741
131005
823024
963961
873375
497270
818549
960883
851336
333536
354400
122083
309107
186254
217468
350407
620037
487870
303191
700046
558670
159066
419381
155442
970953
285633
918080
348391
286520
214200
851131
818054
951207
825845
656113
392853
932710
160238
549229
507685
599679
172782
889278
501488
546118
337999
184129
151111
861647
297307
344842
623941
536437
687917
117190
498778
147075
751148
475239
279108
866168
518406
580696
886774
314601
768983
361589
711254
586993
274913
770092
132961
929359
662496
486298
188112
912203
906480
233278
833335
790007
743711
357570
909368
542294
889562
291344
775661
997397
155707
498690
491961
948914
665115
590875
258226
296732
458018
702120
835389
965127
401047
928316
432129
374488
569930
902051
170773
739664
269294
473240
333063
878143
876537
798134
304407
930767
901667
365832
200934
521307
106920
922623
792784
660186
986984
200517
215652
609650
164428
447025
102949
137269
867373
380804
503292
829591
520082
165821
181556
541336
495317
900937
759108
473709
607063
402648
364966
312022
201622
170858
530262
110011
294190
530268
895669
512025
310701
257625
443725
227247
716769
977323
950326
965973
783348
150084
491384
924918
338110
681756
618117
215805
203449
140071
891793
869498
930683
372746
133293
293189
359886
714807
158022
380135
381825
232898
543332
600124
600723
392780
776871
952996
971474
287527
502040
302846
886623
664479
850492
976108
553995
359771
257554
525971
242042
545247
273012
904253
483955
265575
410872
630476
553388
919517
538914
456232
549235
591235
490779
712021
386963
572230
811677
273469
516466
745126
137648
142786
145547
622370
196756
259963
175311
936694
143009
449308
615500
283872
527801
236436
656738
483968
103006
608384
826845
550352
972452
710928
956918
203065
808503
533456
963150
750208
530883
699864
680094
863127
879668
929652
661070
997799
121679
723806
405221
887721
272661
451910
655407
684147
697946
234981
676366
908510
143228
239145
409487
644078
493808
582966
968529
853945
438066
133185
606569
737927
184265
591476
568049
496692
399360
758999
565194
146730
860653
642505
518338
768471
912388
584628
787471
491287
135698
448167
122347
529239
316412
691910
383412
589404
490749
709214
769659
165944
129909
151266
759067
359038
277895
100030
412747
305425
224099
650369
776181
496066
616292
687521
743335
243490
533020
252764
710876
369384
367497
643342
181583
197943
322886
265782
822400
768782
765575
504443
232663
983739
714136
889383
680471
104992
125092
597501
168457
307683
407841
178274
258560
983444
316814
850380
199826
695480
576683
757475
640773
877890
276760
191278
122483
853678
260430
542780
667355
970122
941856
471474
381375
893365
373184
531051
606219
380066
870441
893982
484898
991591
507465
220038
733549
405736
663632
561889
398991
825273
935944
501391
956700
337920
882576
922254
254532
402047
537986
995913
695115
784115
345856
146507
856013
598923
781358
858429
675375
928665
695484
139975
281486
755102
162709
775139
620815
832925
487328
445881
586455
355177
277773
607058
158607
874322
701925
162123
686334
415702
276689
848338
734634
740622
855533
927842
350440
902296
951946
675557
552896
254683
369542
566976
388048
867142
841161
825179
214775
430287
632716
302035
469014
251917
705111
789704
575110
967993
518531
860674
100102
182817
656889
440018
430135
999255
144834
475338
213055
456966
231253
188300
174725
466956
532856
161049
211152
804063
160405
853491
163776
846482
422864
477558
730184
808586
801880
575419
368523
402931
350514
702091
709666
807265
551357
360726
776863
981498
164649
461668
152576
570685
560674
250210
602476
410024
333692
867765
459078
205732
393027
715187
865726
626538
198652
118603
150702
316528
700708
888312
293644
612527
788207
653824
142102
109531
871469
128230
152542
516157
395157
648899
857939
814718
487033
293623
484963
570230
255564
273648
470750
759940
777542
362476
921081
969939
205359
569022
643132
478919
549563
523684
380645
438941
218830
677175
503366
911765
200358
995698
691506
424335
648092
445489
326400
342004
384437
257524
353278
266683
104459
842499
888063
635654
146992
817935
474628
194427
547213
814209
903574
493244
962405
739389
630890
181875
998594
221643
843064
823312
616412
563671
540048
316489
352391
695077
110829
751099
150261
595090
451879
420706
979943
548727
657912
846292
754236
195961
377289
934964
682792
509307
528124
348063
373228
902416
808224
223925
704005
760310
252111
359042
182809
398257
208672
813632
524606
944780
677382
158753
867949
206119
610040
690894
924300
449382
306250
679194
791775
317734
184863
814587
890272
553561
438029
574642
854233
207857
660509
463558
856601
234247
699725
300184
662634
668964
390322
460303
273317
200202
100180
664847
859962
885127
453306
793625
614859
733495
356450
755078
662076
328184
684563
909295
419541
443669
774351
409533
573755
575179
753921
872968
494325
242443
907436
712757
720264
328954
793122
346882
504075
315789
413376
260416
697164
724994
928038
369676
315699
220504
987126
570619
338383
456807
494613
564619
976820
564252
482221
947013
171368
217359
173038
376156
485206
365698
722126
421336
879451
251460
629740
916130
390271
323814
471608
795115
613051
437225
472145
965208
476052
110834
804629
282214
216133
410538
151870
953664
517783
516585
225368
195656
534507
221440
654546
835555
979017
990144
444045
899421
364297
653996
148471
307434
604508
468331
323845
686113
170191
211803
905084
404903
181737
958537
254788
331101
796715
100481
113054
256502
644224
947070
653730
820835
168149
920754
874770
391290
857429
671347
840495
856729
474070
413362
728186
424640
252239
248093
382821
529512
539153
264590
263783
736760
183626
813822
950394
874490
239647
745610
401269
543386
933319
209621
654398
939510
729674
694853
816970
204695
889889
478821
395132
482563
921706
793480
697617
344075
288586
889421
538982
941931
313308
416951
342037
452800
177408
188778
575389
139847
664055
632071
460757
761311
933761
715306
793508
304711
727593
814485
719983
555689
882950
321845
792307
132643
255859
796423
135780
549158
813309
468978
746751
170446
155846
261627
833447
512175
190677
753733
454068
356443
415252
915887
955618
110137
576386
147167
988367
802130
344101
980934
978289
423310
653643
996342
881245
445468
364737
435182
187877
940721
501399
399033
219372
515365
664151
119870
995459
897570
252858
626182
895386
141409
682079
903935
604395
385231
601286
427615
127540
474681
458250
855637
649713
851705
141199
805349
869047
889431
230002
212084
378764
493831
731602
266250
249618
308407
679994
440456
689632
558951
857464
485256
844742
676216
510491
637478
763886
324474
304536
685399
746129
602820
193695
577772
898821
812960
192512
711279
814533
393551
441873
597605
259560
778125
285300
147597
831200
316824
280315
146843
632645
855892
704004
238432
650439
313330
161375
880200
947762
971626
194713
309528
361046
305843
145425
453867
287022
779603
148021
640094
246820
432896
588205
646016
619013
450662
797639
861652
791843
936136
276772
921395
266308
378249
535569
134886
166001
292044
905160
309206
617694
576953
956776
915380
681528
366772
699274
333318
174035
257004
484299
985235
412484
299799
337153
560544
748862
717604
901150
106707
911403
385885
666744
184410
532452
317038
106586
138652
263147
384436
519731
158305
102872
248289
601162
755332
767183
578151
920870
383658
257596
518652
814813
409518
604165
243996
468403
948552
226912
771483
950296
230205
299447
387649
795466
682570
863617
187273
486538
366733
862223
461784
787028
717710
125495
220380
261840
551982
677744
556577
243804
864668
171013
210901
697239
905890
267865
819446
318645
260727
656299
858709
821246
742421
874363
712809
615117
272201
194807
234410
907922
499481
340347
503701
643419
801894
387143
880602
881241
177413
430770
455324
954705
847944
338436
763180
959488
203988
402846
897789
213382
544554
386521
214082
787611
106987
836733
647471
329014
810546
720992
933422
268853
883855
785093
405332
169803
463651
879034
739008
795092
529855
342638
163730
493310
679251
164038
424256
618373
172806
416327
841647
616696
212100
268157
762787
840604
418941
875181
891779
706243
517692
170185
272499
325964
210536
600693
645470
779485
335834
804370
882122
987526
421474
780599
948361
987352
470608
496798
419801
586936
674379
273509
300647
538424
886807
810325
942025
728087
492566
280514
245386
595963
727813
259051
799576
959844
591139
537884
356428
797518
485129
696528
907319
432338
815799
705468
651759
450031
757291
727199
133233
730095
535410
832423
109133
807076
758127
395724
501498
994556
369318
266355
931307
916463
421434
748584
346610
539782
923822
406045
667679
709980
690257
724548
207927
963597
373879
893792
294162
100365
537858
331876
252914
531882
493148
844769
815873
396048
864237
321426
791907
167270
270988
857449
728788
999904
681339
439354
738627
230594
428346
106460
458463
393165
148137
910877
628512
711670
187009
227558
835817
778869
669335
274093
172032
859463
732702
585742
375731
921306
291234
213104
458981
756792
485600
111520
535361
537332
253170
669545
348241
669089
321678
178319
325850
163518
313774
749517
834879
660032
551563
654334
412177
808938
490097
109682
211549
910997
645562
714754
260702
346414
283180
117870
245488
898257
754468
939904
601936
258571
654516
986915
490795
286442
448379
667390
900126
535227
570155
614832
250591
116376
363258
319418
821171
993960
970294
984650
846620
798342
279439
610974
149277
211925
432239
585735
372176
613822
452834
620099
308254
805040
260127
781106
947727
559815
515949
869685
906829
323534
518994
643860
191794
751705
234564
388405
698565
758739
651761
366446
959550
528450
551007
676724
914913
900895
659342
168763
486781
117979
957030
782721
661120
920128
826993
838795
927151
769567
111857
833482
883458
804800
297592
446716
883080
822181
775541
626209
199241
761506
116252
699929
385932
889406
568815
227435
394101
737524
629318
367744
124800
593083
261559
992187
957160
639299
688281
536367
230854
420199
483642
891496
920859
556788
257437
550182
357818
349825
539902
851411
539876
794142
257198
745874
973406
889633
588544
320510
557228
453173
674985
102847
491518
501388
763726
453590
477033
486812
619795
504151
992825
674963
420896
451392
411341
587045
507073
700275
747920
504870
799563
548850
861793
117271
158674
616339
409581
191982
778703
440446
452379
554451
390639
518837
108038
606591
137584
759781
182275
542508
411725
947004
814498
168022
774213
833902
143427
221023
515721
312539
602103
150765
452300
391818
496563
345901
764591
936332
898547
647344
230645
294157
974967
240791
535428
418646
956415
862778
281153
199048
612077
785966
372220
170840
754382
844265
326834
570479
135324
602265
474264
227597
308806
855265
289464
842256
578554
949789
363797
264117
777752
255511
774576
809155
958794
938373
658012
376943
518265
680521
479251
977793
690185
627578
360915
130199
275075
949102
298021
145938
666593
727571
916086
110555
208583
282765
556279
781566
966318
323896
250325
528976
549666
407087
257819
197357
691976
605539
171551
202309
636859
677032
166216
908878
314442
397456
492321
236609
186856
319606
811475
822170
834920
697224
754377
704446
100574
243722
743982
238306
604996
118360
409033
635572
104627
795201
551263
613022
682477
141002
592676
886860
194576
421780
733504
482049
433171
819017
862271
705643
632174
299200
550983
371740
589241
322434
164528
679380
963585
377434
947221
779413
521055
815324
252752
498133
339763
872614
127891
388691
699579
170507
918256
961736
739273
632856
486465
725100
644733
177181
615338
749809
614219
113439
432222
155497
602082
520566
871130
623659
521204
719380
893141
287179
697222
664923
960845
840158
612400
577475
325429
616391
171656
279324
574318
326702
968478
831521
258190
853737
158403
780239
750970
705994
853897
789732
908585
688010
502115
663909
424537
990484
740910
516497
526066
188783
734196
535724
757852
513364
141103
518407
757853
999666
105780
912991
560561
362872
641518
883941
611704
608012
690617
805854
637028
558099
785840
526382
424366
422060
996178
517874
372689
176844
665230
340313
199787
771003
500823
390363
116840
503935
184421
747976
451890
590010
227277
445951
782396
243287
797830
774561
505598
389894
858795
962723
429043
574854
317196
168752
526320
961224
311499
406730
933918
946780
370648
243158
672195
534411
660417
371942
935612
288357
416612
592644
219357
938034
267308
696766
397956
737553
432757
603452
743967
226440
881858
792871
368298
369375
288750
496015
457449
366507
182145
189262
182770
713422
399585
189073
443053
977354
200759
987852
988494
219396
272442
372261
712337
650678
770273
239966
369875
166483
292716
771121
949253
511559
717477
434059
188556
349795
302937
742251
687157
148281
563104
740078
347928
523556
247290
536177
167619
112100
473646
945896
450318
186576
785599
601283
152704
161789
467555
588745
449966
177572
135428
945082
198615
823858
416006
288825
927942
375246
793783
576782
630763
757567
197985
312799
418968
898259
730113
453480
683564
947011
202420
238683
554582
281238
764739
671995
919450
481042
279679
809911
109274
855536
423018
710170
348673
921934
639442
676874
804320
728391
432895
519172
402559
309715
457974
552453
953397
255342
913356
481446
690389
620273
109550
187626
569280
887088
385494
196470
181059
386690
732049
409063
243795
525615
155063
512473
176801
676668
527682
544670
833624
202972
315419
589236
578541
332575
427224
605340
720924
550977
878663
416674
993145
982242
914056
976172
648358
236044
223783
247359
282849
919359
830960
454723
751820
958218
547523
230093
865463
429149
814996
113016
950561
442423
199940
740225
287031
570717
201972
898091
248958
308702
295270
395533
896643
463894
989376
231109
169978
394821
122161
243974
744946
590068
944320
453520
336779
652194
360168
105872
868815
387549
801852
674774
239229
840634
180086
400207
505946
450610
849167
865105
775269
314503
994581
564443
184097
760738
203665
284610
131831
290747
647952
746489
852811
188365
121856
196174
101160
863841
535332
635153
865235
804678
371464
873889
496877
867401
231581
310746
931904
787558
883318
509910
127175
439688
514581
778606
101622
300009
574003
989535
290344
855748
744609
578748
873526
621328
960211
183609
829115
427734
319143
795289
525855
524837
391216
660553
706258
519271
222398
386575
225224
563536
924143
244895
549715
801790
507789
607306
674702
606634
938732
930239
488358
222669
428844
435747
662681
111112
767472
331159
944878
117805
623289
856346
513657
952381
230282
347375
966924
499566
896519
683786
972698
621601
536516
526278
249392
225982
599047
440078
478486
150751
670739
864591
859585
375626
160408
574011
722126
943517
984723
548514
979386
362330
702860
965805
938869
528774
177546
114295
560972
554565
682888
956980
842571
841348
507101
591865
653224
877240
183286
841029
184941
934091
518886
543929
239300
214068
634126
599966
871154
920162
753678
192754
230377
859441
392630
336404
416222
428100
666682
581198
612752
481788
512873
455566
148815
881204
649522
789351
746790
708620
987411
313561
653378
107223
146040
330112
640622
255866
922513
509248
371134
306144
571439
443736
966074
415574
184798
325194
821546
145042
732645
624891
605101
495417
554228
885369
564083
893761
453470
596635
829013
416748
456636
138234
333258
263403
696154
224242
476089
641756
306511
489051
979672
220542
136665
840576
107983
322163
485871
628640
536619
528010
824798
739444
687110
598603
496321
944175
491437
447796
806295
483883
525399
746735
690149
115832
865344
105315
485266
673988
195211
827625
496180
443843
609537
979351
740823
652187
995595
239389
862275
594509
836977
145131
689474
283849
490886
514893
905494
642315
238122
422625
454288
896797
447437
750507
187712
497245
541367
178504
489651
571166
687367
954592
912459
634941
686290
309330
915585
755490
662271
668027
224651
775771
551725
321080
955576
506434
698525
530888
944866
608595
951336
854273
795342
248107
343030
927258
310872
796671
445909
981022
373886
416264
548716
521489
104172
847943
192043
756909
484915
119576
867612
450298
112661
677092
213229
116010
863799
610220
924085
784947
667585
714375
153911
483793
803228
367221
555771
183078
520500
939057
775876
891547
709329
732124
422601
319394
753867
881046
423129
854873
252346
640522
709238
136313
166048
702143
956262
269288
412682
370622
337426
560842
788619
950793
318311
236063
355866
699409
923843
264760
106596
939222
980432
900528
612798
839062
868838
111739
983520
362774
983691
425615
362641
897755
793445
849680
586186
693371
234439
700560
410852
936543
262263
688676
618650
122206
164673
118791
840575
934428
213282
314497
726221
365980
399843
558125
974591
251522
853454
513309
519065
740236
105713
380967
524800
839875
770146
537919
125573
729046
314039
790499
997842
848735
418213
983709
305726
339765
585964
610388
418429
434918
176701
293114
411739
888961
717506
768284
167911
613938
724716
386818
863883
999780
539244
100393
246542
279046
101404
866632
428266
898384
361870
555596
479470
417352
662406
923703
381123
388763
123456
820862
838495
243684
781169
750553
101941
270023
576652
701501
115586
534210
694201
702092
651050
771034
107582
888256
803343
119617
651417
991417
845047
644899
544995
268457
293538
842314
260049
821599
821488
549941
352289
771428
438901
697000
287658
327073
834638
540557
142669
662262
249620
620220
193764
276031
878840
828747
968126
909063
313172
854411
382834
406918
871394
454687
730277
534302
337668
629334
418810
992319
567717
287177
306876
517707
750497
193929
610741
250624
785052
931631
721889
671167
107472
137122
256701
184591
849381
745510
263071
721537
844164
420505
591571
796550
777810
263228
211838
536343
655049
669594
149201
727631
259809
527117
822735
556652
651722
235535
617853
938906
615244
721171
323600
204727
120189
728163
349070
526841
646695
713512
561039
388725
860830
463265
702380
999421
721759
791940
513726
984650
575095
240543
410954
267628
990323
121544
910926
721169
184152
974162
275096
481286
650135
131191
345300
659216
325891
649782
898790
504803
773242
875579
856685
783616
690820
957135
131796
530299
859296
665944
387797
229999
168358
351128
434690
408792
871976
691618
294835
676392
142051
391986
583939
927345
863674
648867
177351
490633
485400
307390
738910
349737
962639
882530
728616
222307
610126
657048
785374
460049
320072
969814
846825
107427
465742
768778
429832
716564
536426
389670
813549
567378
730171
413817
115788
488134
375233
639063
735804
489310
494279
317803
809752
200485
903406
997753
584170
314571
298761
902320
860820
632703
644081
673189
186924
864550
290768
945626
897417
882539
153086
542563
394244
280201
688261
860352
829662
254184
923438
749100
237835
537744
265505
129107
639585
458923
285511
567819
933445
375450
804639
477352
375515
389987
680339
696082
220954
617861
998983
384296
999766
246678
314433
437208
219582
522927
115082
313449
635817
847104
269506
914867
598604
762275
359041
407159
554926
770680
184002
183547
193186
300725
206830
947680
612430
133273
785138
588668
806896
352643
811431
371672
168335
779574
775892
488809
481422
549621
335924
761742
606803
720587
447424
690997
525242
342826
780725
414703
959858
121277
542736
421482
116141
118949
356167
170810
246304
559060
580093
730677
771327
533082
550473
575225
771610
634678
899180
550552
281016
738082
381358
212493
603443
653078
984682
974902
780401
945254
157906
807398
982795
225953
236669
504333
663230
761253
115719
569876
113816
253499
469574
833063
451802
131867
636588
873898
934225
968702
186906
348933
915631
575992
919332
766993
689092
383365
717496
762754
447511
543252
525549
659794
534664
905564
444705
788692
808317
848253
401585
759763
946174
936741
774526
712121
902689
513955
318856
319888
477764
895071
164620
361192
766096
739987
193111
103438
271397
282664
728297
537027
365257
509190
936153
656150
337897
411034
750896
932845
860904
136987
505180
783497
973311
991612
819232
344005
344823
733872
449683
540619
717032
448247
166595
669120
464281
281343
782956
215770
746973
657573
296957
529697
363719
278119
415318
812201
555464
843274
488033
241431
936478
658119
293877
936559
139211
917683
895745
844645
335761
335640
658611
749342
642633
232580
611002
540879
972642
599410
244824
922183
133670
257450
694014
406517
117992
697822
457248
468337
852481
140212
457142
107016
834633
778110
586879
597424
771890
447351
510435
323549
164303
960913
540567
602972
902832
567740
913610
460214
332030
937844
121320
168720
255703
347938
691231
436725
756671
739792
142617
431669
560618
433588
996294
383519
682738
770483
446743
718228
936162
987215
857093
463026
955765
979894
194801
773484
482504
507389
961024
285105
953995
852984
615852
123019
995258
380405
353525
518977
150984
826775
466009
340107
733312
477171
556739
803925
789865
841622
411263
588275
813575
223733
781893
338920
352278
549624
631138
803471
426147
797714
767784
619291
912273
782112
272523
368943
107171
210759
363592
138040
662981
379811
404900
549014
985645
857062
199862
853705
891414
342687
697117
557769
742386
152526
422304
530534
784178
647683
631404
940417
142108
982462
993073
627071
639347
367433
640275
351959
352278
943296
769797
268169
435273
796884
817464
197352
696809
167107
621597
899855
383725
766736
466402
294858
608340
676717
354038
329079
282063
231434
914204
569585
863318
154412
606431
836663
418785
890213
984055
368653
894345
966259
869986
893082
671001
271833
700483
713982
408242
701896
171209
105552
891238
840733
802460
659321
629082
183805
753678
855876
396487
713291
412615
740259
799375
143629
762605
285091
188516
380606
565011
407912
857342
111126
681849
459639
629940
962607
566443
392216
615084
247109
463397
665713
913176
252394
301455
160073
608806
485001
413535
883494
289863
440392
392105
395371
227140
176320
622001
197688
320223
780917
116598
852135
407079
534967
295288
914449
643897
598597
624827
533615
967223
973960
156463
465467
849640
126911
635306
100484
216871
520844
953552
810113
895230
575518
279714
449074
397978
349936
925921
296926
341142
982131
385236
702473
120751
626283
598619
478462
433586
149682
147806
601167
302100
465959
360289
793943
791724
774130
372972
510056
232596
933287
910952
173340
406928
225190
107905
872777
684566
815747
325942
108623
959347
276324
526288
462709
706951
665594
851223
623655
642174
695664
376997
909375
654862
606002
123790
953726
654093
364824
845553
485133
255194
509986
145073
696069
348156
198595
115672
924571
924521
251154
984821
501345
651929
874058
642295
814325
956404
860958
326801
820373
951934
408553
607598
984129
538004
588386
775739
850514
739249
700688
491850
726501
357999
480715
483701
120586
442935
382000
770241
389722
572161
447773
501676
715026
444590
471571
871704
771647
674151
473985
257007
725130
449594
531036
900372
725567
538328
954739
933354
140452
187134
232582
801213
245372
167055
724269
731009
513786
268903
965744
820927
799981
363064
706315
312463
832360
878403
618187
400280
713794
231338
707505
549483
784146
734619
948446
275013
591266
833216
